Algorithm: Genetic Algorithm
data: a280
N: 280
group number: 500
cross probability: 1
mutation probability: 0.05
fitness mode: distance
ground truth: 2579.00
my result: 2987.29
rate: 1.16
time cost: 1574.82s
best route: 
50 49 48 37 38 34 36 35 33 32 31 30 28 27 26 25 21 24 22 23 16 15 270 271 14 13 12 11 10 9 7 6 8 272 273 274 275 276 5 4 3 278 2 279 0 1 241 240 239 244 245 238 230 237 236 231 232 235 234 233 226 225 224 223 222 218 221 220 219 216 215 212 213 214 217 227 228 229 250 254 255 248 249 246 243 242 247 277 259 260 258 257 256 253 252 207 251 208 206 209 210 211 205 204 203 202 201 200 196 194 195 197 198 199 143 142 141 140 144 145 146 147 148 138 139 265 137 136 266 264 263 262 261 267 135 134 268 269 133 132 131 130 17 18 19 20 127 129 128 126 125 29 124 123 122 153 154 152 121 120 119 118 155 151 150 176 177 149 178 179 180 175 157 156 158 159 174 160 181 182 183 184 186 185 192 193 191 190 189 188 187 164 165 166 167 169 168 100 99 98 97 96 95 94 93 92 91 101 102 103 104 105 171 170 163 162 161 173 172 106 107 109 108 88 89 90 79 77 76 74 73 72 75 78 80 81 82 87 111 110 112 113 114 116 117 115 85 86 83 84 64 63 65 66 71 70 69 68 67 57 56 55 54 45 44 43 58 62 61 60 59 42 41 40 39 47 46 53 52 51 