Algorithm: Simulated Annealing
data: a280
N: 280
iteration times of each T: 200
decay rate: 0.99
start T: 5
end T: 0.1
ground truth: 2579.00
my result: 7586.79
rate: 2.94
time cost: 117.68s
best route: 
233 227 203 195 197 200 201 202 275 6 7 11 23 19 183 161 162 106 108 88 111 82 81 80 79 89 87 85 83 64 116 114 129 130 134 268 133 17 131 150 176 165 166 167 101 102 105 173 137 261 259 271 272 256 208 245 232 231 229 249 255 257 138 156 113 110 107 104 171 169 78 75 86 119 120 121 125 132 2 0 1 279 254 145 144 198 143 204 209 250 244 239 240 237 236 235 234 219 192 184 160 174 159 142 205 207 248 247 258 260 262 263 265 149 179 180 181 146 147 148 118 41 52 53 54 43 62 63 84 71 72 73 74 103 172 158 151 136 266 135 126 37 47 55 56 58 185 190 189 191 196 199 264 15 270 14 13 22 26 127 128 153 59 57 66 68 67 39 35 36 49 50 51 48 40 42 122 152 154 123 124 30 31 32 33 112 109 90 170 164 188 220 221 230 238 241 276 5 4 3 278 277 253 251 252 206 211 212 215 213 228 246 243 242 20 29 34 38 46 45 44 61 163 186 187 168 91 97 98 99 100 155 269 273 274 210 214 217 223 224 225 226 8 9 10 12 16 267 139 140 141 178 175 157 65 69 70 94 95 96 92 93 77 76 115 117 60 28 27 25 21 24 18 177 182 193 194 216 218 222 