Algorithm: Tabu Search
data: a280
N: 280
candidates: 2000
forbidden length: 5
ground truth: 2579.00
my result: 3874.64
rate: 1.50
time cost: 2561.62s
best route: 
208 251 254 255 277 278 2 279 0 1 241 240 243 242 3 4 5 276 275 274 273 261 262 263 148 149 177 150 151 155 152 119 118 156 157 158 159 162 163 170 171 166 165 164 184 197 200 201 202 212 213 210 228 230 231 232 233 234 235 236 237 238 239 245 244 246 247 259 131 127 126 34 38 39 43 58 57 67 68 69 66 65 64 63 62 61 117 60 59 42 41 40 46 45 44 56 55 54 53 52 47 48 51 50 49 37 36 35 125 128 153 154 265 266 264 204 215 214 217 216 218 221 219 195 196 193 191 190 189 188 187 186 185 192 194 220 222 223 224 225 226 227 229 250 249 248 8 6 7 9 10 11 14 270 15 267 135 136 137 138 147 139 140 141 146 178 179 180 175 176 120 121 122 123 124 29 33 32 31 30 28 27 26 25 21 24 20 129 130 19 18 17 132 133 134 268 269 16 22 23 13 12 271 272 260 258 257 256 253 252 205 142 145 167 99 98 97 96 95 94 93 92 91 102 101 100 168 169 172 105 104 107 111 112 86 84 70 71 72 73 75 80 88 108 109 110 113 114 116 115 85 83 82 87 81 74 76 77 78 79 90 89 103 106 173 161 160 174 181 182 183 198 199 144 143 203 211 206 207 209 